10
[348764091385088228449399181930800726055387453083698402683354985560848258166978618981958302290196494713569002342953080665911871147513785344829157388825303294197423526353370218412821032574077352171311676342955411799432652102447026223309426519233753382280030602766728235655081144407528290083925611915432936795081, 5849786356906771527612863578761340860336823645685231702742633656036950890279171025902151806368655646061039935724746718411268235968532883358786652154366763165802016772669230354584393235337267181008750570453409060958848712422741543829416534700800209625531464206146155264349047604605965853504093089012035660457320]
[4806943576338346993643980056883603377152370933263930039823676881386761906636388750779032413798897821195756981965163244876041922391799985462861621448266078481707520239429862008013283273983155911060981319403090805248121365347779668692662096734487424310333526375042637227211584472623913742098196612754927686831371, 6549138778921945611999305716551466720605245197962918306858882304863737928588861103042609558131155060513856231152126771023273218173013721111905477034638050590540132484521362197094793423216868028124022711335838650261349723899197761737296871997157293745274143471593100441654680002664017179542560876226871531731894]
10
[3493910955013947609084908859976238938620330638396403799659275350797808697229700267404081024682215486568042703525438244738077233890941029809081671786489276699752809702672411560883965331859120553576208477514942893811219704299887497926741670847696914747164515259848136967758523171898921522317238595623444650429841, 4937238612243950465190641087147941369678769451323578708717196993365457201267496918636450815278088200716090139051611841000238911061758133933725529413710627512226029578851255491629828516846810539491221252703617099760056668714748323450677111826810749207940340964485507047481928865560901171006983456859114704762636]
[617097052267389057404100906685368736465529552331437831981537160448814406007927575325703779685150579799398449059029370466115346032507852964081373344894528702960349535363435354870400877460093080198326780899895936001325994275195239890541138500507479256639480302621982825660237380163607179439142001574892006888351, 4149462915391776909372757061083545504669182846671849796741136542608955392714332302800915470107248987478179667413647384680030516553347950352670503257326428692477828876298343496579273003488081004561699755846926172287803526004022075194699275093590742178803119989751390631816244824092366513469284057269053772009406]
[3636578437149884223202072859867434209354072621904948338179014758887710802759406040731828626397546344345073870351141718200124084700523583499382324913221638703286699575023610113246660978835455006132465816877813309836941013536220789649767655097171628848948333783958905336833060830988138628497830895517775392077581, 6685894514333795071832985516623638641594364234107163282260852413916641540470727661060246694992716728126964587957644407901918323843077415679345151649969274919766249646905660123774435133038174177773101261317294477336855462243979250240780313514822648200558734958296556473799066098462273010596448139743375472849687]
[15245957556576956742340464213767028243415529781098431470006691565246341773899625137310306188485507404112206201379639082880516229539325247204515001700095850564378843731761042689412324445238661147465714058283455319010836626111513627794975685320816567790129816670399986766621899362899083895071662394960902556257, 6092825905829012018426510221972076289805492379700802085467495438783990446608944716626469321031959213893951577582341620560547039044697262505923902995393119749756704520068031389001748243600215403294106111903456652571184680442151793371712316415241143508489861403331790526703970545541688379073801505563106254556697]
[5236922647159613300192484106472465733412342379822265857524379972791000813125045900012909481424214455412426817533208015218614260311640996201741327987902966282550107440397170516047900808809930612197188183698799105832220021861677336443602870458910743628626238388104827284044561508587091301832702925650138195541624, 2578494249743078614227473551176189628727253815412491297015586666084587341083586922121862774861990948209978936597449550162382525860628582071150532877777012311530252620721113873994371167988656955536215248541551871814836434407231737913129013306154397716755901609748367411536522813251382596120808619733337045261260]
[5362271629342037718949034553277690261326973917761353785050756706732578129181951867412365314061217895220396999829726843864463459237085691045760843259061421886351983185928301646416660272293154336048700952485658787759481075432936246095927307668152611203244369791067434678386423028999384853460099687533695766394321, 788020675051409636608089525132952992057815163809896815518000011740775535478038797214597347684037578250430343765074752931991469846592189876707225850606851346433204798396262896854872781485316120792466162914852614664369543326518151879221610859185459463720403134226541369926982556697549641437794385883476325493154]
[1391948645103174625286080467026050786272511814977470528616529406376771081353214625088710675694588721512709299596096202993512363785625637938816305611922866401789973688643936836856510438371419132100247494845177947285065839032993213943529470274606970993171658955417691982601100715889312872746800001389499334293509, 3431184925312167433695107127497968575251341938173743219993462473776074297340227757363556483952235888136798622481171026765809685080018256367390140055790295035231465381929806573987875119653235683776317436733983429334014337685777122419552269755307692978796546105103307378500445270793530776428575749038255118209557]
[3577176759721296109865821145492023473460345150270304672259029812724526826749872966846401161292622909877675931434570111324765346219641639745136073719792147998780460909810285521891347154013878882702976767821696298091874075801504119782315212918499440203509496686368731459415635743751682584667307189715520798103809, 2788346526210618891407240417821022359489603068799435807704791851233810165566763731002962691147552278827646086479553789024022710925990052609137079389667363979891237661176433776492193685919374738640782377170655812159544297097640974153435432396580267537449915749436890346056492173135119563757055482980033252973778]
[426862109854529700461933571319555542575776106524501533215431928052337562638599891050387050035893654548369873465777885573719831764179154944879865961117772814147704555353524195101896709293788150207814726292197893103104178934016327318882288518148528064133789879524022901671451660728238909720655496032965606987196, 1237894386178480661558414597142862949056127683659264175991974025588594422430543862061353752109148666891623565118966602889439836461632187688567537062402141032330175896345964016702338228458988506700428640832377155322636651031614012468815513463914096640208844802037008939078851525726499848203166608834149356138041]
[6430320781578487906443216623940210428944817540963427757745875045867996063100847603697340605835243980725415152254811745442113656869406465534149151532811119723503004458572597219601895774703809502879984242904778536636000243602976678460129935485272928938280940178020627785260306194965171385916105451860141634601632, 5334060580125875259439025558602260610401733547882239373776880713613406076357535574114527927041060058162883351450495153663686714054123206159767504758657913481556831536690813297327183100362754819400602526869258153550472257756107387385640590927594725866187636332229416594314226888742367818992069111155560549067046]
[600911428708533022740292054583999349064224016488636876675589645079538610360086336237026807109935288374626476719311550992175681741454489943158332795863744300153724746090766670374732024684077735372156801286325666147141239735622937754172127579854488975172028165342383435336285278528461639380380323994402780030335, 3919848019902771437031752921315545688389042554248674583767321729821866969103655650998186625524992617119089728108928658625407465211524060345206017131419036126755275454738635630931234982023209897718745554186975473086286405315171112623824772951775686155198691395791509602869779047123277870739467685643748357480364]
[2057449686392235401863220826881359763278373637941316825030844994529640634036911742668480891435839964674285332525811389730500987832012537285319225392270288038144565766625135634357786283593869726849153193958625728385464416963310802491110753187522373548872160134365230962981541247472666879732896476245653313502413, 1981986301546702033671657878535210904804185542643266237396695951843780290298306552058681462298313424535321451635238761303833601703625371382384071469188894969307303360511118472848536269613264838336827717495675156593356324493219294812089801715698450160855864745884562072065317610455105787426992616691008547227323]
[5480418373706983566908058560827702821009036736569913989397848534614807783784938954906888465962987575420119957933870856371285249512545214176987631312439433079019169558550342644601819077631398820004290362956271483107332154288986986933144207607417941354202544009878200427992734846977474724148621884218655183526395, 3073960220826560695598199368946184255608668568809535052499210954475717386468030309660568210001326225619346084671062517849838689263762034589265585032596636180888150662547858841222845927817052585292958613357566298170349156086440916958794932633091169299075602758205692229631109316333110215814934985236413189145237]
[6606340721658794441844366350772388888845400166975983557049854718908864465504712824546502166857374052042330480831651230161332268032384647692267991142318987213020030774211938330435281276904960680426231784821609375946569399731288714274292783886437947608375172758536283441334709480279521962241403126084890352415548, 2983723509117116447570431571211232838403662159390502851935777270233346258885560350313736924617493733549530864086260768132883588421925644833724684196584269742000906331408142281347385475617293934159042077860473503819009303618875972063541592881319675596182511799587563590271888971108532103502003462827100173745260]
[4920732922118169052921203595420769454387953962155487646641173834697855429706495782532779704253706162404832099813814237076598004245747702601821661697119913202298256037474373095723873238634946334510356005633154750286361486778749415033820914511329144058422849154712457040486006869184978690768076832834711861409982, 6210868414618013317553942310279496249462747675561908879350404782531511464078931915027272224981515881460480004410308505439669997954788168403707340586639340366209234170703823715436221714372879343349404843121652627582863646736378924799500523104601333047793739914571752963557576388398518977149169283685847765080331]
[3489688007002234496029049318584897874906804003238206907202448293210041309343678055451690925400531762925582460398350620032277133029208890450942034175423922063422642452249410974749920577856818001652066109782321249607555804141364042325236048096184775490590452413288791023745239228669143682707715685589313398926568, 4940254091910499615487100088624946805517082788744471398238125752335308952563483305106267267284126033984913290577042270465974009335692253647017359764060442594723268983542840170535641280920992489223234890722003122628554673845457914777637461393987682501325878937656130146363939913594630400366700353431228716382966]
[3974829624574561350020491754983022616220618390440874432507794763534817564134331479754034616048234017242803527797203185351750577022253779999268027385504178391210912198547674868319679579110681898119117526458396123086136930054316364139895907342495982235587363694078932544008476624097914083586637750016531151627861, 688940482118983869455940018452074921655624462919791450889156310724158688038893191343710835237737428602241713698005817173514890070950528098141139341769480104496642401351908249672647570686827175752714527433624450905553960434522967632139415495494255742457602140151184548408813400459591555224095276580340731416285]
[6790744708653659731689939736470355024461333485733442933698835068790351388710801009515859458377537080617625435325158667675550537850746227977529173346546797863317441980844841482165486954747987517027778009593301013156673822200074142349084083787978444386490297756559686970967237909852691810720680525459230313445312, 2784498567120380307293740617837866629601108852513154524014766317691094384513320262965895463138154338294177372859299306944946603760940740611973229674388751635266643726737765054429092346938913094061908999951498554682659528417939277103345613387094954669318866841140742778907102016537858794494236574985285295360049]
[2480764068095802153136507053329104787271967393380022478889372853060833829154675214355607774159206437288085305789601587631855550391869109134805217456343454508351522243129462190966197740211503196028813458535187264080160093521360591816136334800093564322139902565512920936741893022107580511609042018007525740300059, 619959489256281033189445996659100729893461569830524038942093677507535832366240286297382835851340272024690179708765790798502973680086530402988131848670021353316404508250090359469786927383822261670655414736912615433980217596792859447218712021362950506379092776052693089592206471113877918037113567011634113326176]
[1178489121548802386608804119307934239589164051307339847178249365097283649380264661166561715015881387266743177818490683408386884861979027431972964897257563725354346058386878324656507450787484724613306602029805761166516729309526393192880373049450588957090483945994262714391359303165330658850026202253567992447881, 1221662516276568052118556055640861681185487642410128340801299193816790885519516395022004277323605921738053712553776596366003782539051552285049507682787583535865682769740130808531296930677475338412429607155464701392201659250238518141051414597122695570330894681281411259189717586819162058146381634747223093476377]
